000000000011111110011111110011111110011111110011111110000000000
000000000000111000000111000011111110000111000000111000000000000
000000000002111200000111000011111110000010000002111200000000000
000000000002212200002212200011111110002212200002212200000000000
000000000021111120011222110011111110011222110021111120000000000
000000000011111110010010010010111010010010010011111110000000000
000000000012111210021212120011111110012112120021211210000000000
000000000011111120011111110011111110021111120011111110000000000
000000000011111110011111110010111110011111110011111110000000000
000000000011111110022111220011111110011111110011111110000000000
000000000011111110011121110010020010011121110011111110000000000
000000000022111220011111110011222110011111110022111220000000000
000000000011111110010000010010000010000000010011111110000000000